999999999999999999999999999999999999999999999999999
999999999999999999999999999999999999999999999999999
999999999999999999999999999999999999999999999999999
999999999999999999999999999999999999999999999999999
999999999999999999999999999999999999999999999999999
999999999999999999999999999999999999999999999999999
999999999999999999999999999999999999999999999999999
999999999999999999990099999009999999999999999999999
999999999999999999900009990000999999999999999999999
999999999999999999009900900990099999999999999999999
999999999999999990099990009999009999999999999999999
999999999999999900999999999999900999999999999999999
999999999999999999999999999999999999999999999999999
999999999999999999999999999999999999999999999999999
999999999999999999999999999999999999999999999999999
999999999999999999999999999999999999999999999999999
999999999999999999999999999999999999999999999999999
999999999999999999999999999999999999999999999999999
999999999999999999999999999999999999999999999999999
